net95v1_60




autogluon [0.9960745, 0.9946444, 0.9954924, 0.99376285, 0.9922087, 0.9916457, 0.98914844, 0.98958004, 0.9860731, 0.9856732, 0.98513955, 0.98378325, 0.98304313, 0.98353004, 0.98255086, 0.98235357, 0.98130924, 0.98000103, 0.9783964, 0.9790202, 0.9792623, 0.9771955, 0.9758668, 0.97807765, 0.9781401, 0.97636944, 0.97626686, 0.9772431, 0.9826213, 0.9827106, 0.9795275, 0.9796285, 0.9772621, 0.97683525, 0.9762234, 0.97699904, 0.9748533, 0.9746087, 0.97419095, 0.9748097, 0.9725518, 0.97111905, 0.9702268, 0.970149, 0.97178733, 0.97182083, 0.9695771, 0.9713595, 0.9719389, 0.9695402, 0.9710239, 0.96947044, 0.97084546, 0.97145396, 0.9696963, 0.97164756, 0.97233766, 0.9700737, 0.97071296, 0.97025853, 0.9703123, 0.96880627, 0.9709984, 0.9697478, 0.9690263, 0.96940935, 0.96943575, 0.9698131, 0.9690924, 0.9688723, 0.96944714, 0.96942353, 0.9686162, 0.9678154, 0.9682189, 0.9687838, 0.96991706, 0.96883726, 0.96823984, 0.96917725, 0.96910125, 0.97061133, 0.97067285, 0.97090685, 0.9698593, 0.9699286, 0.9698581, 0.97002655, 0.9702408, 0.9706576, 0.9737078, 0.97113615, 0.97231984, 0.97496414, 0.9744133]
autosklearn [0.99618009, 0.99548895, 0.99532824, 0.9938728 , 0.99325556, 0.99088414, 0.98838415, 0.98732975, 0.98418952, 0.98718998, 0.98667716, 0.98345516, 0.98329667, 0.98481817, 0.98199511, 0.9811765 , 0.98055139, 0.97863834, 0.97606821, 0.97931297, 0.9796099 , 0.97653735, 0.97571161, 0.97850293, 0.976603  , 0.97638019, 0.97641042, 0.97844219, 0.98125968, 0.98329338, 0.97943472, 0.98147377, 0.97734959, 0.97717374, 0.97722955, 0.97683613, 0.97475987, 0.97423128, 0.97494023, 0.97501036, 0.97059053, 0.97068187, 0.96854527, 0.97100039, 0.97128559, 0.97234827, 0.96779288, 0.97118985, 0.97227114, 0.97076324, 0.97007413, 0.9690052 , 0.96965101, 0.97085157, 0.96858186, 0.97156808, 0.97432346, 0.97148701, 0.97000009, 0.9704219 , 0.96944497, 0.96872642, 0.97261767, 0.97083478, 0.96781552, 0.97183286, 0.96899744, 0.97112566, 0.96837867, 0.96883025, 0.96832872, 0.97080851, 0.9669061 , 0.96793895, 0.96622372, 0.97037716, 0.97099532, 0.96956613, 0.96947346, 0.96803932, 0.96787161, 0.97155629, 0.96999115, 0.9703831 , 0.96879295, 0.9679872 , 0.96992551, 0.97036165, 0.97195929, 0.97085562, 0.97323109, 0.96997232, 0.97251921, 0.97486406, 0.97491036]


mlp
[1.0202968, 1.0157377, 1.0185763, 1.0123093, 1.014441, 1.0134797, 1.0079904, 1.0097203, 1.0072715, 1.0079721, 1.0074085, 1.0073979, 1.0033475, 1.0020766, 1.0028483, 1.0005616, 1.0034469, 1.0014344, 1.0064366, 0.9992161, 1.0038414, 1.0012835, 0.99790597, 1.0004585, 0.997656, 0.9991342, 0.99924225, 0.9970112, 1.0050055, 1.0034993, 1.000854, 1.0014691, 0.9955361, 0.999472, 0.99855614, 0.99514484, 0.9919029, 0.99337435, 0.9971358, 0.99534523, 0.99327606, 0.9943197, 0.9912241, 0.991838, 0.9901541, 0.9926008, 0.99408615, 0.9917779, 0.99582684, 0.9917037, 0.9923426, 0.991004, 0.9920833, 0.98677236, 0.9920025, 0.99431896, 0.98810935, 0.9892035, 0.9904463, 0.9925492, 0.9927993, 0.9896946, 0.98997146, 0.99293745, 0.9940994, 0.9933362, 0.99250376, 0.9932445, 0.9916426, 0.98856604, 0.984233, 0.9885811, 0.9874976, 0.9863471, 0.9869871, 0.9876814, 0.99065936, 0.9905757, 0.99011433, 0.990362, 0.9915654, 0.98737156, 0.9922666, 0.99129915, 0.99159586, 0.99131554, 0.99014866, 0.9917233, 0.9944938, 0.9914563, 0.99600726, 0.98969626, 0.99316514, 0.99647605, 0.99747145]
h2o [0.997068321578896,  0.9965743388855384,  0.9961640006516672,  0.9965166115569511,  0.99266740767711,  0.9925512768387555,  0.9892098594010332,  0.9890898525803448,  0.9852165417400482,  0.9851838406330804,  0.9832535001033303,  0.9816182983277604,  0.981028210186562,  0.9810044718520456,  0.9798785377536158,  0.9798697912113348,  0.9782007871896156,  0.9788273219011494,  0.9786057158909808,  0.9778673486705808,  0.9777805626240814,  0.9778781598691378,  0.9769969436025218,  0.9752934203292064,  0.974883777644725,  0.974774612644974,  0.9734851135040652,  0.9739525762316602,  0.9804046117093068,  0.9804539449672895,  0.977515390140148,  0.9772978047186016,  0.9757201893984934,  0.9754983085056582,  0.9752158508689543,  0.9747574778280929,  0.972006086391368,  0.9717900529463264,  0.971531923508464,  0.9715206396731224,  0.9698513821510828,  0.9693093351308308,  0.9690178230984025,  0.9690050919639064,  0.9684529315926872,  0.968027272071736,  0.9678720579837484,  0.96772607328687,  0.967724332325241,  0.9673334684578048,  0.9672468760154656,  0.9670489517683644,  0.9672267692333376,  0.9668439302164624,  0.9686588629343836,  0.968441472186734,  0.9684055042177656,  0.9682632938279916,  0.9682980752527224,  0.9675107603545964,  0.9668328428424444,  0.9667347633047358,  0.9666245327240288,  0.9661599611726968,  0.965846570703924,  0.9655913667670094,  0.9655403643452952,  0.9652563286932964,  0.9654226710467696,  0.9652338983149676,  0.9653256184301424,  0.9650214934369292,  0.9648856520621832,  0.9647753174759444,  0.9648073721227926,  0.964955923141012,  0.9669999361066758,  0.9670111770338776,  0.967127806989098,  0.966589788175446,  0.9664971901772296,  0.966909370751588,  0.9670840449524066,  0.966134850527182,  0.965799738291452,  0.965014378508901,  0.9656031673752976,  0.9671064100373316,  0.9671279817455536,  0.968120798359134,  0.9691936067397912,  0.9693363865887008,  0.9700453862805938,  0.9712965789176402,  0.9743259693449376]
true 
[1., 0.99946684, 0.9989983, 0.9989942, 0.9947087, 0.9946817, 0.99055916, 0.99047995, 0.9862533, 0.9861486, 0.984141, 0.9824043, 0.98129886, 0.98128974, 0.979912, 0.9798739, 0.9785043, 0.9784843, 0.9778202, 0.977707, 0.97763634, 0.97682196, 0.97604895, 0.97494286, 0.97452563, 0.97450477, 0.9729199, 0.9734869, 0.9812664, 0.9812065, 0.97792023, 0.97787195, 0.9754478, 0.97520673, 0.975091, 0.9744398, 0.97152114, 0.9711914, 0.9708612, 0.9708441, 0.9692097, 0.968359, 0.9681063, 0.9680341, 0.9676838, 0.96747154, 0.96736103, 0.9671488, 0.9671105, 0.9667817, 0.9667196, 0.96654546, 0.9664712, 0.9662769, 0.96760386, 0.9675494, 0.96752566, 0.96747595, 0.9674536, 0.9663646, 0.9653878, 0.96533215, 0.965282, 0.96504396, 0.9644931, 0.9644317, 0.9641534, 0.96370363, 0.9633881, 0.96335304, 0.96301144, 0.962856, 0.96280295, 0.9626993, 0.9626586, 0.9624703, 0.9661051, 0.9659758, 0.9658684, 0.96569663, 0.9654394, 0.9658924, 0.9658543, 0.96587515, 0.96530795, 0.9647882, 0.9645537, 0.9664051, 0.966573, 0.96768063, 0.9685761, 0.9689344, 0.9696582, 0.97131383, 0.97454464]



net95v1_20

autogluon
[0.99464315, 0.9934458, 0.99478346, 0.99392945, 0.99103034, 0.9917542, 0.9887943, 0.9882498, 0.98554575, 0.9838205, 0.9848044, 0.9835348, 0.9830959, 0.9835297, 0.9824345, 0.9822124, 0.98167324, 0.9821397, 0.98100674, 0.98169875, 0.98149455, 0.9793267, 0.977748, 0.9781862, 0.9794102, 0.9761317, 0.9765582, 0.97726977, 0.98282063, 0.9827223, 0.97914046, 0.979143, 0.97679716, 0.978274, 0.9769735, 0.9772301, 0.97440904, 0.97418725, 0.97393686, 0.97433984, 0.9717248, 0.9717355, 0.9707881, 0.972091, 0.97105944, 0.97208774, 0.9724074, 0.9711032, 0.9709534, 0.9702425, 0.9711877, 0.9704509, 0.97121644, 0.97123575, 0.97167027, 0.9715653, 0.97242427, 0.97215235, 0.9721534, 0.9702508, 0.9702661, 0.9698738, 0.9718177, 0.9697645, 0.9691558, 0.9696581, 0.9696898, 0.9697691, 0.9702258, 0.96977293, 0.9698384, 0.96947277, 0.96858764, 0.9688839, 0.96817255, 0.96870726, 0.9698701, 0.9686537, 0.96817905, 0.96912694, 0.96935666, 0.97058517, 0.9706584, 0.9709773, 0.9698804, 0.9699022, 0.969867, 0.9699923, 0.9701989, 0.9708154, 0.9738069, 0.97186893, 0.9722943, 0.9749485, 0.9743268]

autosklearn
[0.99802297, 0.99774855, 1.02089202, 1.02105653, 0.99918854, 0.9991765, 0.99851936, 0.99849743, 0.99787748, 0.99787402, 0.99755806, 0.99753517, 0.99752456, 0.9975214, 0.99751139, 0.99748957, 0.99752998, 0.99751985, 0.997549, 0.9975391, 0.9975329, 0.99759334, 0.99765277, 0.99774873, 0.99776977, 0.99776018, 0.99788105, 0.99825823, 0.99693733, 0.99693364, 0.99619889, 0.99619269, 0.99566019, 0.99562013, 0.99559987, 0.9954198, 0.99479568, 0.99472916, 0.99465936, 0.99465674, 0.99427384, 0.99408376, 0.99401796, 0.99400616, 0.99389976, 0.99382657, 0.9937886, 0.99371547, 0.99370342, 0.9935872, 0.99356622, 0.99350435, 0.99348468, 0.99339432, 0.9939298, 0.99391049, 0.99390054, 0.99388665, 0.99388522, 0.99369186, 0.9934606, 0.99344808, 0.99343371, 0.99337858, 0.99324429, 0.99322546, 0.99316484, 0.9930529, 0.99296278, 0.99295896, 0.99282622, 0.99276322, 0.99274164, 0.99269962, 0.99262083, 0.99269253, 0.99368745, 0.99368536, 0.99366182, 0.99362421, 0.99356788, 0.99371111, 0.99369138, 0.99376398, 0.99364203, 0.99350572, 0.99344373, 0.993954, 0.99400187, 0.99436098, 0.99463642, 0.99473763, 0.99492913, 0.99541026, 0.99628943]
 
mlp
[0.9598478, 0.9549916, 0.95807135, 0.95287895, 0.95413154, 0.9525177, 0.94808966, 0.95025134, 0.9477873, 0.9481363, 0.9480238, 0.9489845, 0.94480515, 0.94263065, 0.9435655, 0.94238317, 0.944977, 0.9438346, 0.9477863, 0.9413669, 0.945392, 0.94279635, 0.9397723, 0.9428074, 0.9399165, 0.9426955, 0.9414124, 0.9407316, 0.945409, 0.94421315, 0.9425894, 0.9424902, 0.936733, 0.93988645, 0.93895805, 0.93673855, 0.9335213, 0.9345261, 0.93857265, 0.9357811, 0.93423283, 0.9361253, 0.9329062, 0.9333651, 0.9312242, 0.93337286, 0.9360991, 0.9328066, 0.9367552, 0.9335893, 0.93305904, 0.93338406, 0.93291605, 0.9292082, 0.9325363, 0.93640757, 0.9303522, 0.93147373, 0.9312545, 0.9333251, 0.93494797, 0.93060255, 0.9322327, 0.93470836, 0.9360988, 0.93389153, 0.9335692, 0.93462837, 0.9322277, 0.93086225, 0.9257188, 0.9293316, 0.92989415, 0.9280181, 0.92844427, 0.92978865, 0.9313613, 0.9312703, 0.9322507, 0.93180776, 0.9335843, 0.92892885, 0.9328352, 0.9328315, 0.9328129, 0.93323636, 0.9319513, 0.9330126, 0.93537223, 0.9328734, 0.93779993, 0.9316404, 0.9351095, 0.93856966, 0.93813276]

h2o
[0.997068321578896, 0.9965743388855384, 0.9961640006516672, 0.9965166115569511, 0.99266740767711, 0.9925512768387555, 0.9892098594010332, 0.9890898525803448, 0.9852165417400482, 0.9851838406330804, 0.9832535001033303, 0.9816182983277604, 0.981028210186562, 0.9810044718520456, 0.9798785377536158, 0.9798697912113348, 0.9782007871896156, 0.9788273219011494, 0.9786057158909808, 0.9778673486705808, 0.9777805626240814, 0.9778781598691378, 0.9769969436025218, 0.9752934203292064, 0.974883777644725, 0.974774612644974, 0.9734851135040652, 0.9739525762316602, 0.9804046117093068, 0.9804539449672895, 0.977515390140148, 0.9772978047186016, 0.9757201893984934, 0.9754983085056582, 0.9752158508689543, 0.9747574778280929, 0.972006086391368, 0.9717900529463264, 0.971531923508464, 0.9715206396731224, 0.9698513821510828, 0.9693093351308308, 0.9690178230984025, 0.9690050919639064, 0.9684529315926872, 0.968027272071736, 0.9678720579837484, 0.96772607328687, 0.967724332325241, 0.9673334684578048, 0.9672468760154656, 0.9670489517683644, 0.9672267692333376, 0.9668439302164624, 0.9686588629343836, 0.968441472186734, 0.9684055042177656, 0.9682632938279916, 0.9682980752527224, 0.9675107603545964, 0.9668328428424444, 0.9667347633047358, 0.9666245327240288, 0.9661599611726968, 0.965846570703924, 0.9655913667670094, 0.9655403643452952, 0.9652563286932964, 0.9654226710467696, 0.9652338983149676, 0.9653256184301424, 0.9650214934369292, 0.9648856520621832, 0.9647753174759444, 0.9648073721227926, 0.964955923141012, 0.9669999361066758, 0.9670111770338776, 0.967127806989098, 0.966589788175446, 0.9664971901772296, 0.966909370751588, 0.9670840449524066, 0.966134850527182, 0.965799738291452, 0.965014378508901, 0.9656031673752976, 0.9671064100373316, 0.9671279817455536, 0.968120798359134, 0.9691936067397912, 0.9693363865887008, 0.9700453862805938, 0.9712965789176402, 0.9743259693449376]

true
[1., 0.99946684, 0.9989983, 0.9989942, 0.9947087, 0.9946817, 0.99055916, 0.99047995, 0.9862533, 0.9861486, 0.984141, 0.9824043, 0.98129886, 0.98128974, 0.979912, 0.9798739, 0.9785043, 0.9784843, 0.9778202, 0.977707, 0.97763634, 0.97682196, 0.97604895, 0.97494286, 0.97452563, 0.97450477, 0.9729199, 0.9734869, 0.9812664, 0.9812065, 0.97792023, 0.97787195, 0.9754478, 0.97520673, 0.975091, 0.9744398, 0.97152114, 0.9711914, 0.9708612, 0.9708441, 0.9692097, 0.968359, 0.9681063, 0.9680341, 0.9676838, 0.96747154, 0.96736103, 0.9671488, 0.9671105, 0.9667817, 0.9667196, 0.96654546, 0.9664712, 0.9662769, 0.96760386, 0.9675494, 0.96752566, 0.96747595, 0.9674536, 0.9663646, 0.9653878, 0.96533215, 0.965282, 0.96504396, 0.9644931, 0.9644317, 0.9641534, 0.96370363, 0.9633881, 0.96335304, 0.96301144, 0.962856, 0.96280295, 0.9626993, 0.9626586, 0.9624703, 0.9661051, 0.9659758, 0.9658684, 0.96569663, 0.9654394, 0.9658924, 0.9658543, 0.96587515, 0.96530795, 0.9647882, 0.9645537, 0.9664051, 0.966573, 0.96768063, 0.9685761, 0.9689344, 0.9696582, 0.97131383, 0.97454464]
